err_6 = -0.11346127339699999
err_5 = -0.0011326458827956695
err_4 = -0.00139622186704
err_3 = -0.00446113365881

w_56 = 0.37298917134759924
w_46 = 0.679690
w_36 = -0.629515

err_2 = 0.0105998493158
err_1 = 0 #Since the sigmoid 1*(1-1) reduces to 0
w_25 = 0.477347
w_24 = -3.027924
w_23 = 1.910777
w_15 = 3.988674
w_14 = 1.986038
w_13 = -3.044611
